0 1
0 19
0 30
1 4
1 6
1 7
1 8
1 9
1 11
1 12
1 13
1 14
1 17
1 18
1 19
1 21
1 29
1 30
1 34
1 37
1 41
1 42
1 43
1 47
1 48
1 49
2 3
2 35
2 6
2 7
2 9
2 44
2 14
2 47
2 16
2 22
2 26
2 31
3 5
3 6
3 7
3 8
3 14
3 16
3 18
3 19
3 20
3 21
3 22
3 23
3 24
3 25
3 27
3 30
3 31
3 33
3 34
3 35
3 38
3 40
4 24
4 19
4 5
5 14
5 50
5 51
5 19
5 21
5 24
5 26
5 28
6 35
6 37
6 7
6 41
6 12
6 14
6 48
6 17
6 18
6 21
6 23
7 8
7 9
7 10
7 11
7 14
7 16
7 18
7 19
7 20
7 21
7 22
7 26
7 27
7 28
7 32
7 33
7 35
7 38
7 39
7 47
8 32
8 33
8 35
8 11
8 14
8 16
8 19
8 21
8 27
9 35
9 10
9 11
9 42
9 14
9 47
9 16
9 18
9 19
9 21
9 25
9 28
10 33
10 14
10 47
10 16
10 19
10 21
10 27
11 14
11 47
11 19
11 21
11 28
12 34
12 41
12 13
12 14
12 16
12 17
12 21
12 25
13 14
13 16
13 21
13 25
14 15
14 16
14 19
14 21
14 22
14 25
14 26
14 27
14 28
14 30
14 31
14 32
14 33
14 35
14 38
14 39
14 44
14 45
14 46
14 47
15 33
15 16
15 21
15 25
16 18
16 19
16 21
16 22
16 25
16 31
16 32
16 33
16 38
16 44
16 45
16 47
17 34
17 41
17 18
17 19
18 34
18 47
18 19
18 21
18 22
18 27
18 28
19 20
19 21
19 22
19 23
19 24
19 26
19 27
19 28
19 30
19 33
19 34
19 35
19 37
19 38
19 40
19 42
19 47
20 35
20 38
20 40
20 22
20 23
20 27
21 22
21 25
21 27
21 28
21 31
21 32
21 33
21 39
21 42
21 45
21 46
21 47
22 32
22 40
22 25
22 26
22 27
22 28
23 40
23 25
23 27
24 33
24 36
24 43
24 48
24 49
24 52
24 51
24 27
24 29
25 47
25 26
25 27
27 30
27 33
27 35
27 38
27 39
27 40
27 46
28 47
30 34
31 38
31 45
32 33
32 35
33 35
33 39
33 46
34 43
34 49
38 45
39 46
42 47
43 49
