0 99
1 562
2 608
3 153
4 562
5 662
6 513
6 667
6 683
6 102
7 229
8 488
9 56
9 420
9 638
10 229
11 723
11 303
12 229
13 153
13 706
13 630
14 287
15 513
15 114
16 241
16 109
16 509
16 289
17 256
18 268
18 524
19 355
19 453
19 648
19 105
19 144
19 657
19 317
20 608
20 406
21 99
22 549
23 665
23 229
23 687
24 237
25 692
25 311
26 690
26 287
27 256
28 268
29 473
29 142
30 288
30 612
30 88
30 314
30 443
31 240
32 608
32 406
33 307
34 465
35 82
35 236
36 229
37 307
37 117
37 263
38 104
38 609
38 376
38 622
39 229
40 254
40 519
41 355
41 453
41 144
41 657
41 630
41 317
42 170
43 242
43 142
44 268
45 705
45 582
45 492
45 686
45 80
45 304
45 595
45 281
45 605
45 413
45 286
46 138
46 229
46 454
47 403
47 143
48 485
48 650
48 339
48 182
48 511
49 153
50 170
50 54
50 486
51 237
52 238
53 303
54 225
54 154
55 478
56 354
56 610
56 199
56 231
56 585
56 680
56 701
56 209
56 115
56 181
56 154
56 381
57 662
58 230
58 591
59 501
60 229
61 483
62 138
62 676
62 229
63 320
63 488
63 372
63 525
64 529
64 333
64 501
65 80
65 106
65 304
66 360
66 390
67 304
68 154
69 672
69 243
69 708
69 238
70 465
71 702
72 115
72 260
73 549
74 116
75 142
76 384
76 154
77 164
78 192
78 608
78 208
79 80
79 481
79 304
79 318
80 304
80 660
80 86
80 700
81 307
81 147
81 159
82 135
82 405
82 277
82 94
82 285
82 222
83 608
83 395
83 236
83 173
83 208
84 394
84 220
85 501
86 304
86 579
87 657
87 597
87 533
88 436
88 516
89 501
90 608
91 501
92 153
93 293
93 550
94 236
95 692
96 549
97 237
98 513
98 425
98 683
98 301
98 688
98 114
98 667
98 284
98 350
99 332
99 337
99 146
100 516
101 277
102 142
103 115
103 260
104 291
105 547
105 645
105 715
105 630
105 153
106 582
107 516
108 416
108 575
110 478
111 549
112 545
112 165
112 264
112 618
112 461
112 719
112 145
112 466
112 471
112 633
112 411
113 144
114 513
114 534
114 664
115 486
115 217
116 603
116 340
117 501
117 346
117 553
118 355
119 229
120 696
120 277
121 154
122 403
123 170
123 459
123 715
123 634
123 415
124 483
125 673
125 475
125 183
126 238
127 257
127 514
127 258
127 227
127 229
127 357
127 231
127 454
127 641
127 138
127 139
127 687
127 656
127 433
127 665
127 255
128 238
129 403
130 142
130 486
131 456
131 238
132 139
132 229
133 440
133 690
133 662
134 688
134 513
136 230
136 591
137 501
138 257
138 229
139 257
139 229
139 365
140 232
141 355
142 323
142 679
142 680
142 301
142 312
142 313
143 192
143 403
143 208
144 546
144 355
144 330
144 171
144 172
144 528
144 468
144 669
145 413
147 233
147 553
147 235
147 333
147 529
147 501
148 654
149 238
150 513
151 277
152 692
153 645
153 519
153 648
153 657
153 533
153 547
153 424
153 177
153 317
153 453
153 587
153 600
153 352
153 630
153 631
154 512
154 225
154 419
154 451
154 422
154 649
154 396
154 620
154 431
154 624
154 697
154 315
154 221
155 256
156 662
157 304
158 162
158 559
159 233
159 501
160 643
160 501
160 543
161 231
161 591
161 199
163 403
164 580
164 423
164 552
164 238
164 371
164 539
166 549
167 254
167 519
168 549
169 403
170 486
170 203
170 554
170 683
170 302
170 462
170 558
170 436
170 693
170 663
170 188
171 355
171 453
171 648
171 657
171 630
171 317
173 192
173 390
174 562
175 256
176 591
176 199
178 425
178 606
179 576
179 229
179 311
180 680
181 420
181 638
182 576
182 532
182 485
183 322
183 523
183 653
183 399
183 562
183 377
183 475
184 312
184 229
184 455
185 549
186 208
186 609
186 219
186 403
187 433
187 641
187 229
188 288
188 203
188 341
189 608
189 300
190 229
191 304
191 261
192 291
192 390
192 202
193 220
194 238
195 355
195 412
196 304
196 545
196 226
197 425
197 474
197 307
197 278
198 516
199 553
199 305
200 417
200 520
200 553
200 333
200 717
200 691
200 501
201 303
202 264
202 208
202 403
202 597
202 282
203 234
203 597
204 250
204 549
205 549
206 229
207 229
208 608
208 291
208 461
209 276
210 483
211 692
212 481
213 237
214 501
214 543
215 223
216 608
216 331
216 460
217 260
217 691
218 235
218 501
219 403
220 356
220 228
220 262
220 389
220 420
220 394
220 591
220 401
220 497
220 536
220 445
222 537
222 654
223 621
224 516
226 577
226 249
226 303
227 229
229 257
229 258
229 255
229 514
229 641
229 642
229 267
229 651
229 656
229 530
229 275
229 276
229 665
229 670
229 676
229 681
229 557
229 687
229 433
229 695
229 441
229 454
229 455
229 591
229 469
229 357
229 489
229 365
229 242
229 498
229 628
229 629
229 506
229 636
230 395
230 591
231 514
231 641
231 420
231 454
231 553
231 656
233 307
234 513
234 252
235 307
236 608
237 544
237 345
238 385
238 386
238 551
238 456
238 673
238 637
238 493
238 434
238 567
238 477
239 549
240 576
240 617
240 532
241 611
241 547
241 436
242 244
242 670
242 255
244 591
245 501
246 488
247 654
248 501
249 304
250 576
250 549
250 532
251 265
252 513
253 425
253 403
254 348
254 519
256 416
256 325
256 677
256 400
256 593
256 623
256 720
256 566
256 378
256 380
256 447
257 357
257 365
257 433
257 629
257 665
258 642
259 608
261 304
261 393
262 311
263 501
265 722
265 570
265 678
266 549
268 298
268 524
268 632
269 702
270 314
271 584
272 578
272 591
273 277
274 575
276 681
276 676
277 516
277 359
277 652
277 334
277 367
277 464
277 696
277 598
278 501
279 533
280 644
281 304
282 379
282 403
283 608
284 513
286 304
286 563
287 608
287 297
287 306
287 604
287 572
287 703
288 547
288 516
288 424
288 317
290 516
291 403
292 692
293 662
294 606
294 358
295 551
295 375
296 307
297 360
299 488
299 714
299 538
299 702
300 608
303 487
303 490
303 494
303 723
303 374
303 470
303 383
304 646
304 393
304 404
304 660
304 413
304 686
304 563
304 565
304 700
304 318
304 446
304 321
304 577
304 705
304 583
304 712
304 595
304 599
304 472
304 605
304 480
304 481
304 619
304 492
304 502
305 513
305 381
307 417
307 327
307 333
307 717
307 529
307 691
307 500
307 721
307 571
308 483
309 314
310 549
311 591
314 612
316 484
316 591
317 706
317 611
317 519
317 600
317 669
318 448
318 660
318 596
318 505
318 700
319 675
320 331
322 416
324 440
326 654
327 504
327 351
328 680
329 515
333 402
333 607
335 714
336 398
336 358
336 343
338 513
341 516
342 513
343 627
344 501
346 504
346 501
346 474
347 562
348 519
349 425
349 403
350 513
351 501
353 644
355 669
355 362
355 412
355 573
357 642
360 608
360 439
361 549
363 376
363 597
364 662
366 721
366 501
368 680
369 501
370 496
372 488
373 714
375 456
376 716
376 476
377 475
379 403
381 420
382 403
382 622
384 516
387 608
388 643
388 543
390 608
391 483
392 575
394 401
395 608
395 578
395 517
395 713
397 680
398 449
399 475
402 616
402 501
403 518
403 658
403 668
403 710
403 602
403 614
406 460
406 439
407 549
408 501
409 608
410 680
413 531
414 513
416 576
416 597
416 603
417 607
418 549
419 620
419 597
420 701
420 592
421 674
421 662
425 626
425 571
425 606
426 662
427 680
428 571
428 501
429 714
430 562
432 501
435 549
436 613
436 597
437 549
438 608
439 608
442 481
443 594
443 516
444 591
446 605
449 606
450 501
452 688
452 513
453 547
453 669
457 680
458 513
460 608
461 633
463 549
466 577
467 474
467 501
471 531
473 513
473 683
473 667
474 553
474 501
474 571
477 564
478 699
479 680
481 615
481 660
482 549
483 709
484 591
486 679
488 586
488 714
488 525
488 702
488 661
488 538
488 510
491 516
493 673
494 646
495 591
499 702
501 643
501 520
501 521
501 522
501 527
501 680
501 553
501 556
501 560
501 704
501 581
501 607
501 504
501 616
501 625
503 516
504 553
507 513
508 608
510 714
510 538
510 702
513 640
513 535
513 534
513 664
513 667
513 688
513 568
513 707
513 718
513 613
516 689
516 594
516 597
516 542
517 592
517 591
519 706
526 654
527 543
531 579
533 611
540 662
541 608
543 591
547 600
548 644
549 685
549 561
549 588
549 589
551 564
553 610
553 585
555 591
558 663
560 606
562 682
562 684
569 680
574 662
578 591
584 590
590 662
591 654
591 692
591 713
591 592
591 638
600 669
601 662
606 626
606 627
606 671
607 691
608 666
608 694
629 681
635 680
638 701
639 680
642 656
645 669
647 692
655 692
657 669
659 714
662 711
674 690
676 681
688 707
692 698
